{
 "cells": [
  {
   "cell_type": "code",
   "execution_count": 1,
   "id": "2bb0d112",
   "metadata": {},
   "outputs": [],
   "source": [
    "# Import liabaries\n",
    "\n",
    "import pandas as pd"
   ]
  },
  {
   "cell_type": "code",
   "execution_count": 2,
   "id": "82f6e5f2",
   "metadata": {},
   "outputs": [],
   "source": [
    "# Read file\n",
    "\n",
    "ae = pd.read_csv('/Users/ching/SQL_Capstone_Program/db_athlete_events.csv/athlete_events_football.csv')"
   ]
  },
  {
   "cell_type": "code",
   "execution_count": 3,
   "id": "535f7fa4",
   "metadata": {},
   "outputs": [
    {
     "name": "stdout",
     "output_type": "stream",
     "text": [
      "<class 'pandas.core.frame.DataFrame'>\n",
      "RangeIndex: 6745 entries, 0 to 6744\n",
      "Data columns (total 18 columns):\n",
      " #   Column        Non-Null Count  Dtype  \n",
      "---  ------        --------------  -----  \n",
      " 0   PK            6745 non-null   int64  \n",
      " 1   ID            6745 non-null   int64  \n",
      " 2   Name          6745 non-null   object \n",
      " 3   Sex           6745 non-null   object \n",
      " 4   Age           6745 non-null   int64  \n",
      " 5   Height        6745 non-null   int64  \n",
      " 6   Weight        6745 non-null   float64\n",
      " 7   Team          6745 non-null   object \n",
      " 8   NOC           6745 non-null   object \n",
      " 9   Games         6745 non-null   object \n",
      " 10  Year          6745 non-null   int64  \n",
      " 11  Season        6745 non-null   object \n",
      " 12  City          6745 non-null   object \n",
      " 13  Sport         6745 non-null   object \n",
      " 14  Event         6745 non-null   object \n",
      " 15  Medal         6745 non-null   object \n",
      " 16  Medal_Binary  6745 non-null   int64  \n",
      " 17  BMI           6745 non-null   float64\n",
      "dtypes: float64(2), int64(6), object(10)\n",
      "memory usage: 948.6+ KB\n"
     ]
    }
   ],
   "source": [
    "# See dataframe \n",
    "\n",
    "ae.info()"
   ]
  },
  {
   "cell_type": "code",
   "execution_count": 4,
   "id": "d75f8e73",
   "metadata": {},
   "outputs": [
    {
     "data": {
      "text/html": [
       "<div>\n",
       "<style scoped>\n",
       "    .dataframe tbody tr th:only-of-type {\n",
       "        vertical-align: middle;\n",
       "    }\n",
       "\n",
       "    .dataframe tbody tr th {\n",
       "        vertical-align: top;\n",
       "    }\n",
       "\n",
       "    .dataframe thead th {\n",
       "        text-align: right;\n",
       "    }\n",
       "</style>\n",
       "<table border=\"1\" class=\"dataframe\">\n",
       "  <thead>\n",
       "    <tr style=\"text-align: right;\">\n",
       "      <th></th>\n",
       "      <th>PK</th>\n",
       "      <th>ID</th>\n",
       "      <th>Age</th>\n",
       "      <th>Height</th>\n",
       "      <th>Weight</th>\n",
       "      <th>Year</th>\n",
       "      <th>Medal_Binary</th>\n",
       "      <th>BMI</th>\n",
       "    </tr>\n",
       "  </thead>\n",
       "  <tbody>\n",
       "    <tr>\n",
       "      <th>PK</th>\n",
       "      <td>1.000000</td>\n",
       "      <td>0.999992</td>\n",
       "      <td>0.035844</td>\n",
       "      <td>0.017487</td>\n",
       "      <td>0.007540</td>\n",
       "      <td>-0.001521</td>\n",
       "      <td>0.026048</td>\n",
       "      <td>0.014993</td>\n",
       "    </tr>\n",
       "    <tr>\n",
       "      <th>ID</th>\n",
       "      <td>0.999992</td>\n",
       "      <td>1.000000</td>\n",
       "      <td>0.035826</td>\n",
       "      <td>0.017425</td>\n",
       "      <td>0.007491</td>\n",
       "      <td>-0.001721</td>\n",
       "      <td>0.026129</td>\n",
       "      <td>0.014941</td>\n",
       "    </tr>\n",
       "    <tr>\n",
       "      <th>Age</th>\n",
       "      <td>0.035844</td>\n",
       "      <td>0.035826</td>\n",
       "      <td>1.000000</td>\n",
       "      <td>0.166371</td>\n",
       "      <td>0.155433</td>\n",
       "      <td>0.154889</td>\n",
       "      <td>0.100045</td>\n",
       "      <td>0.160783</td>\n",
       "    </tr>\n",
       "    <tr>\n",
       "      <th>Height</th>\n",
       "      <td>0.017487</td>\n",
       "      <td>0.017425</td>\n",
       "      <td>0.166371</td>\n",
       "      <td>1.000000</td>\n",
       "      <td>0.950957</td>\n",
       "      <td>0.672830</td>\n",
       "      <td>0.011366</td>\n",
       "      <td>0.952303</td>\n",
       "    </tr>\n",
       "    <tr>\n",
       "      <th>Weight</th>\n",
       "      <td>0.007540</td>\n",
       "      <td>0.007491</td>\n",
       "      <td>0.155433</td>\n",
       "      <td>0.950957</td>\n",
       "      <td>1.000000</td>\n",
       "      <td>0.637081</td>\n",
       "      <td>0.024507</td>\n",
       "      <td>0.988137</td>\n",
       "    </tr>\n",
       "    <tr>\n",
       "      <th>Year</th>\n",
       "      <td>-0.001521</td>\n",
       "      <td>-0.001721</td>\n",
       "      <td>0.154889</td>\n",
       "      <td>0.672830</td>\n",
       "      <td>0.637081</td>\n",
       "      <td>1.000000</td>\n",
       "      <td>-0.063090</td>\n",
       "      <td>0.644967</td>\n",
       "    </tr>\n",
       "    <tr>\n",
       "      <th>Medal_Binary</th>\n",
       "      <td>0.026048</td>\n",
       "      <td>0.026129</td>\n",
       "      <td>0.100045</td>\n",
       "      <td>0.011366</td>\n",
       "      <td>0.024507</td>\n",
       "      <td>-0.063090</td>\n",
       "      <td>1.000000</td>\n",
       "      <td>0.023428</td>\n",
       "    </tr>\n",
       "    <tr>\n",
       "      <th>BMI</th>\n",
       "      <td>0.014993</td>\n",
       "      <td>0.014941</td>\n",
       "      <td>0.160783</td>\n",
       "      <td>0.952303</td>\n",
       "      <td>0.988137</td>\n",
       "      <td>0.644967</td>\n",
       "      <td>0.023428</td>\n",
       "      <td>1.000000</td>\n",
       "    </tr>\n",
       "  </tbody>\n",
       "</table>\n",
       "</div>"
      ],
      "text/plain": [
       "                    PK        ID       Age    Height    Weight      Year  \\\n",
       "PK            1.000000  0.999992  0.035844  0.017487  0.007540 -0.001521   \n",
       "ID            0.999992  1.000000  0.035826  0.017425  0.007491 -0.001721   \n",
       "Age           0.035844  0.035826  1.000000  0.166371  0.155433  0.154889   \n",
       "Height        0.017487  0.017425  0.166371  1.000000  0.950957  0.672830   \n",
       "Weight        0.007540  0.007491  0.155433  0.950957  1.000000  0.637081   \n",
       "Year         -0.001521 -0.001721  0.154889  0.672830  0.637081  1.000000   \n",
       "Medal_Binary  0.026048  0.026129  0.100045  0.011366  0.024507 -0.063090   \n",
       "BMI           0.014993  0.014941  0.160783  0.952303  0.988137  0.644967   \n",
       "\n",
       "              Medal_Binary       BMI  \n",
       "PK                0.026048  0.014993  \n",
       "ID                0.026129  0.014941  \n",
       "Age               0.100045  0.160783  \n",
       "Height            0.011366  0.952303  \n",
       "Weight            0.024507  0.988137  \n",
       "Year             -0.063090  0.644967  \n",
       "Medal_Binary      1.000000  0.023428  \n",
       "BMI               0.023428  1.000000  "
      ]
     },
     "execution_count": 4,
     "metadata": {},
     "output_type": "execute_result"
    }
   ],
   "source": [
    "# To See the correlation among the integer datatype columns using pearson method\n",
    "ae.corr(method ='pearson')"
   ]
  },
  {
   "cell_type": "code",
   "execution_count": 5,
   "id": "689e371b",
   "metadata": {},
   "outputs": [],
   "source": [
    "bi = pd.read_csv('/Users/ching/SQL_Capstone_Program/db_athlete_events.csv/athlete_events_binary.csv')"
   ]
  },
  {
   "cell_type": "code",
   "execution_count": 6,
   "id": "be08e9e3",
   "metadata": {},
   "outputs": [
    {
     "name": "stdout",
     "output_type": "stream",
     "text": [
      "<class 'pandas.core.frame.DataFrame'>\n",
      "RangeIndex: 271116 entries, 0 to 271115\n",
      "Data columns (total 18 columns):\n",
      " #   Column               Non-Null Count   Dtype  \n",
      "---  ------               --------------   -----  \n",
      " 0   PK                   271116 non-null  int64  \n",
      " 1   ID                   271116 non-null  int64  \n",
      " 2   Name                 271116 non-null  object \n",
      " 3   Sex                  271116 non-null  object \n",
      " 4   Age                  271116 non-null  int64  \n",
      " 5   Height               271116 non-null  int64  \n",
      " 6   Weight               271116 non-null  float64\n",
      " 7   Team                 271116 non-null  object \n",
      " 8   NOC                  271116 non-null  object \n",
      " 9   Games                271116 non-null  object \n",
      " 10  Year                 271116 non-null  int64  \n",
      " 11  Season               271116 non-null  object \n",
      " 12  City                 271116 non-null  object \n",
      " 13  Sport                271116 non-null  object \n",
      " 14  Event                271116 non-null  object \n",
      " 15  Medal                271116 non-null  object \n",
      " 16  Medal_Binary         271116 non-null  int64  \n",
      " 17  host_country_binary  271116 non-null  int64  \n",
      "dtypes: float64(1), int64(7), object(10)\n",
      "memory usage: 37.2+ MB\n"
     ]
    }
   ],
   "source": [
    "bi.info()"
   ]
  },
  {
   "cell_type": "code",
   "execution_count": 7,
   "id": "9bc69aa2",
   "metadata": {},
   "outputs": [
    {
     "data": {
      "text/html": [
       "<div>\n",
       "<style scoped>\n",
       "    .dataframe tbody tr th:only-of-type {\n",
       "        vertical-align: middle;\n",
       "    }\n",
       "\n",
       "    .dataframe tbody tr th {\n",
       "        vertical-align: top;\n",
       "    }\n",
       "\n",
       "    .dataframe thead th {\n",
       "        text-align: right;\n",
       "    }\n",
       "</style>\n",
       "<table border=\"1\" class=\"dataframe\">\n",
       "  <thead>\n",
       "    <tr style=\"text-align: right;\">\n",
       "      <th></th>\n",
       "      <th>PK</th>\n",
       "      <th>ID</th>\n",
       "      <th>Age</th>\n",
       "      <th>Height</th>\n",
       "      <th>Weight</th>\n",
       "      <th>Year</th>\n",
       "      <th>Medal_Binary</th>\n",
       "      <th>host_country_binary</th>\n",
       "    </tr>\n",
       "  </thead>\n",
       "  <tbody>\n",
       "    <tr>\n",
       "      <th>PK</th>\n",
       "      <td>1.000000</td>\n",
       "      <td>0.999993</td>\n",
       "      <td>0.000532</td>\n",
       "      <td>0.011128</td>\n",
       "      <td>0.010954</td>\n",
       "      <td>0.011944</td>\n",
       "      <td>0.012278</td>\n",
       "      <td>0.001211</td>\n",
       "    </tr>\n",
       "    <tr>\n",
       "      <th>ID</th>\n",
       "      <td>0.999993</td>\n",
       "      <td>1.000000</td>\n",
       "      <td>0.000555</td>\n",
       "      <td>0.011114</td>\n",
       "      <td>0.010938</td>\n",
       "      <td>0.011885</td>\n",
       "      <td>0.012307</td>\n",
       "      <td>0.001237</td>\n",
       "    </tr>\n",
       "    <tr>\n",
       "      <th>Age</th>\n",
       "      <td>0.000532</td>\n",
       "      <td>0.000555</td>\n",
       "      <td>1.000000</td>\n",
       "      <td>0.086514</td>\n",
       "      <td>0.114378</td>\n",
       "      <td>0.094453</td>\n",
       "      <td>0.041484</td>\n",
       "      <td>0.040661</td>\n",
       "    </tr>\n",
       "    <tr>\n",
       "      <th>Height</th>\n",
       "      <td>0.011128</td>\n",
       "      <td>0.011114</td>\n",
       "      <td>0.086514</td>\n",
       "      <td>1.000000</td>\n",
       "      <td>0.899466</td>\n",
       "      <td>0.652054</td>\n",
       "      <td>0.012714</td>\n",
       "      <td>-0.068214</td>\n",
       "    </tr>\n",
       "    <tr>\n",
       "      <th>Weight</th>\n",
       "      <td>0.010954</td>\n",
       "      <td>0.010938</td>\n",
       "      <td>0.114378</td>\n",
       "      <td>0.899466</td>\n",
       "      <td>1.000000</td>\n",
       "      <td>0.622125</td>\n",
       "      <td>0.027786</td>\n",
       "      <td>-0.078283</td>\n",
       "    </tr>\n",
       "    <tr>\n",
       "      <th>Year</th>\n",
       "      <td>0.011944</td>\n",
       "      <td>0.011885</td>\n",
       "      <td>0.094453</td>\n",
       "      <td>0.652054</td>\n",
       "      <td>0.622125</td>\n",
       "      <td>1.000000</td>\n",
       "      <td>-0.061552</td>\n",
       "      <td>-0.133227</td>\n",
       "    </tr>\n",
       "    <tr>\n",
       "      <th>Medal_Binary</th>\n",
       "      <td>0.012278</td>\n",
       "      <td>0.012307</td>\n",
       "      <td>0.041484</td>\n",
       "      <td>0.012714</td>\n",
       "      <td>0.027786</td>\n",
       "      <td>-0.061552</td>\n",
       "      <td>1.000000</td>\n",
       "      <td>0.077610</td>\n",
       "    </tr>\n",
       "    <tr>\n",
       "      <th>host_country_binary</th>\n",
       "      <td>0.001211</td>\n",
       "      <td>0.001237</td>\n",
       "      <td>0.040661</td>\n",
       "      <td>-0.068214</td>\n",
       "      <td>-0.078283</td>\n",
       "      <td>-0.133227</td>\n",
       "      <td>0.077610</td>\n",
       "      <td>1.000000</td>\n",
       "    </tr>\n",
       "  </tbody>\n",
       "</table>\n",
       "</div>"
      ],
      "text/plain": [
       "                           PK        ID       Age    Height    Weight  \\\n",
       "PK                   1.000000  0.999993  0.000532  0.011128  0.010954   \n",
       "ID                   0.999993  1.000000  0.000555  0.011114  0.010938   \n",
       "Age                  0.000532  0.000555  1.000000  0.086514  0.114378   \n",
       "Height               0.011128  0.011114  0.086514  1.000000  0.899466   \n",
       "Weight               0.010954  0.010938  0.114378  0.899466  1.000000   \n",
       "Year                 0.011944  0.011885  0.094453  0.652054  0.622125   \n",
       "Medal_Binary         0.012278  0.012307  0.041484  0.012714  0.027786   \n",
       "host_country_binary  0.001211  0.001237  0.040661 -0.068214 -0.078283   \n",
       "\n",
       "                         Year  Medal_Binary  host_country_binary  \n",
       "PK                   0.011944      0.012278             0.001211  \n",
       "ID                   0.011885      0.012307             0.001237  \n",
       "Age                  0.094453      0.041484             0.040661  \n",
       "Height               0.652054      0.012714            -0.068214  \n",
       "Weight               0.622125      0.027786            -0.078283  \n",
       "Year                 1.000000     -0.061552            -0.133227  \n",
       "Medal_Binary        -0.061552      1.000000             0.077610  \n",
       "host_country_binary -0.133227      0.077610             1.000000  "
      ]
     },
     "execution_count": 7,
     "metadata": {},
     "output_type": "execute_result"
    }
   ],
   "source": [
    "# To See the correlation among the integer datatype columns using pearson method\n",
    "bi.corr(method ='pearson')"
   ]
  }
 ],
 "metadata": {
  "kernelspec": {
   "display_name": "Python 3 (ipykernel)",
   "language": "python",
   "name": "python3"
  },
  "language_info": {
   "codemirror_mode": {
    "name": "ipython",
    "version": 3
   },
   "file_extension": ".py",
   "mimetype": "text/x-python",
   "name": "python",
   "nbconvert_exporter": "python",
   "pygments_lexer": "ipython3",
   "version": "3.10.4"
  }
 },
 "nbformat": 4,
 "nbformat_minor": 5
}
